????.??#.?????#??????.??#.?????#??????.??#.?????#??????.??#.?????#??????.??#.?????#? [1, 1, 1, 1, 6, 1, 1, 1, 1, 6, 1, 1, 1, 1, 6, 1, 1, 1, 1, 6, 1, 1, 1, 1, 6]
314584
??.####?.??#?#?.?.?????.####?.??#?#?.?.?????.####?.??#?#?.?.?????.####?.??#?#?.?.?????.####?.??#?#?.?.?? [4, 6, 4, 6, 4, 6, 4, 6, 4, 6]
1
????????#?..??????????#?..??????????#?..??????????#?..??????????#?..? [2, 7, 1, 2, 7, 1, 2, 7, 1, 2, 7, 1, 2, 7, 1]
1
??.##???????????.##???????????.##???????????.##???????????.##???????? [2, 3, 4, 2, 3, 4, 2, 3, 4, 2, 3, 4, 2, 3, 4]
3888
.####??#???#.????.??.####??#???#.????.??.####??#???#.????.??.####??#???#.????.??.####??#???#.????.? [11, 4, 1, 11, 4, 1, 11, 4, 1, 11, 4, 1, 11, 4, 1]
16
???..????.????#??????..????.????#??????..????.????#??????..????.????#??????..????.????#?? [1, 1, 1, 1, 5, 1, 1, 1, 1, 5, 1, 1, 1, 1, 5, 1, 1, 1, 1, 5, 1, 1, 1, 1, 5]
179899165
#???.#??#??#????#?#???.#??#??#????#?#???.#??#??#????#?#???.#??#??#????#?#???.#??#??#????# [4, 1, 5, 1, 1, 4, 1, 5, 1, 1, 4, 1, 5, 1, 1, 4, 1, 5, 1, 1, 4, 1, 5, 1, 1]
243
?...???##?????#????...???##?????#????...???##?????#????...???##?????#????...???##?????#?? [1, 12, 1, 12, 1, 12, 1, 12, 1, 12]
162
?.???.???????????.???.???????????.???.???????????.???.???????????.???.????????? [1, 1, 1, 2, 1, 1, 1, 1, 2, 1, 1, 1, 1, 2, 1, 1, 1, 1, 2, 1, 1, 1, 1, 2, 1]
2066534377424
???.?#.#??#???.????????.?#.#??#???.????????.?#.#??#???.????????.?#.#??#???.????????.?#.#??#???.???? [3, 1, 1, 3, 1, 1, 3, 1, 1, 3, 1, 1, 3, 1, 1, 3, 1, 1, 3, 1, 1, 3, 1, 1, 3, 1, 1, 3, 1, 1]
1049760
???.??????.???#????.??????.???#????.??????.???#????.??????.???#????.??????.???# [1, 5, 1, 1, 1, 5, 1, 1, 1, 5, 1, 1, 1, 5, 1, 1, 1, 5, 1, 1]
460992
??#?.#??.?????#?.#??.?????#?.#??.?????#?.#??.?????#?.#??.?? [2, 1, 1, 2, 1, 1, 2, 1, 1, 2, 1, 1, 2, 1, 1]
74774
?#?.??#?###?.?.?#.#??#?.??#?###?.?.?#.#??#?.??#?###?.?.?#.#??#?.??#?###?.?.?#.#??#?.??#?###?.?.?#.# [1, 3, 4, 1, 2, 1, 1, 3, 4, 1, 2, 1, 1, 3, 4, 1, 2, 1, 1, 3, 4, 1, 2, 1, 1, 3, 4, 1, 2, 1]
1
???????#??????#?.????????#??????#?.????????#??????#?.????????#??????#?.????????#??????#?. [9, 6, 9, 6, 9, 6, 9, 6, 9, 6]
81
?#???#???#????#???#???#????#???#???#????#???#???#????#???#???#?? [2, 2, 3, 2, 2, 3, 2, 2, 3, 2, 2, 3, 2, 2, 3]
100000
????.?????????????.?????????????.?????????????.?????????????.???????? [3, 2, 4, 3, 2, 4, 3, 2, 4, 3, 2, 4, 3, 2, 4]
60000
..????#?.???..????#?.???..????#?.???..????#?.???..????#?.?? [1, 4, 1, 1, 4, 1, 1, 4, 1, 1, 4, 1, 1, 4, 1]
1250
.???????#??.???????#??.???????#??.???????#??.???????#? [1, 4, 1, 4, 1, 4, 1, 4, 1, 4]
215408
??#???????#?.???#???????#?.???#???????#?.???#???????#?.???#???????#?. [1, 1, 1, 5, 1, 1, 1, 5, 1, 1, 1, 5, 1, 1, 1, 5, 1, 1, 1, 5]
3888
?.??#?????????#???.??#?????????#???.??#?????????#???.??#?????????#???.??#?????????#? [1, 13, 1, 13, 1, 13, 1, 13, 1, 13]
162
????.?#???..?????.?#???..?????.?#???..?????.?#???..?????.?#???.. [1, 1, 1, 1, 1, 1, 1, 1, 1, 1, 1, 1, 1, 1, 1, 1, 1, 1, 1, 1]
957454
#.?#?##???#??.?????#.?#?##???#??.?????#.?#?##???#??.?????#.?#?##???#??.?????#.?#?##???#??.???? [1, 9, 4, 1, 9, 4, 1, 9, 4, 1, 9, 4, 1, 9, 4]
32
.???#???.??##??.???#???.??##??.???#???.??##??.???#???.??##??.???#???.??##? [3, 3, 3, 3, 3, 3, 3, 3, 3, 3]
7776
???###?##??..?.?????###?##??..?.?????###?##??..?.?????###?##??..?.?????###?##??..?.? [9, 1, 9, 1, 9, 1, 9, 1, 9, 1]
60943
#?.?#?????????##?????#?.?#?????????##?????#?.?#?????????##?????#?.?#?????????##?????#?.?#?????????##???? [1, 13, 1, 13, 1, 13, 1, 13, 1, 13]
32
???#.?????#???.??.?????#.?????#???.??.?????#.?????#???.??.?????#.?????#???.??.?????#.?????#???.??.? [4, 1, 7, 1, 1, 4, 1, 7, 1, 1, 4, 1, 7, 1, 1, 4, 1, 7, 1, 1, 4, 1, 7, 1, 1]
32
??????#??.??.????????#??.??.????????#??.??.????????#??.??.????????#??.??.? [2, 1, 1, 2, 1, 1, 2, 1, 1, 2, 1, 1, 2, 1, 1]
913870121
.????#???????.????#???????.????#???????.????#???????.????#?????? [7, 2, 7, 2, 7, 2, 7, 2, 7, 2]
3888
??????#..???????????#..???????????#..???????????#..???????????#..???? [1, 2, 1, 1, 1, 2, 1, 1, 1, 2, 1, 1, 1, 2, 1, 1, 1, 2, 1, 1]
416815524
?.??#.#.#?##???.??#.#.#?##???.??#.#.#?##???.??#.#.#?##???.??#.#.#?##? [1, 1, 1, 4, 1, 1, 1, 4, 1, 1, 1, 4, 1, 1, 1, 4, 1, 1, 1, 4]
280
.??.#??##??#.#?????.??.#??##??#.#?????.??.#??##??#.#?????.??.#??##??#.#?????.??.#??##??#.#???? [1, 1, 6, 1, 1, 1, 1, 6, 1, 1, 1, 1, 6, 1, 1, 1, 1, 6, 1, 1, 1, 1, 6, 1, 1]
335334
??#??#???????#??.???#??#???????#??.???#??#???????#??.???#??#???????#??.???#??#???????#??. [8, 2, 8, 2, 8, 2, 8, 2, 8, 2]
24576
??.?#?#??#??????.?#?#??#??????.?#?#??#??????.?#?#??#??????.?#?#??#??? [1, 5, 1, 2, 1, 5, 1, 2, 1, 5, 1, 2, 1, 5, 1, 2, 1, 5, 1, 2]
162
????????#?..#?????????????#?..#?????????????#?..#?????????????#?..#?????????????#?..#???? [10, 3, 10, 3, 10, 3, 10, 3, 10, 3]
16
##??#?????????#??##??#?????????#??##??#?????????#??##??#?????????#??##??#?????????#? [2, 12, 2, 12, 2, 12, 2, 12, 2, 12]
32
?????##????##????????##????##????????##????##????????##????##????????##????##?? [1, 5, 1, 2, 1, 5, 1, 2, 1, 5, 1, 2, 1, 5, 1, 2, 1, 5, 1, 2]
40000
?????????????????????????????????????????????????????????????????????????? [1, 7, 1, 7, 1, 7, 1, 7, 1, 7]
183579396
.??#?#?.??#?#.??.??#?#?.??#?#.??.??#?#?.??#?#.??.??#?#?.??#?#.??.??#?#?.??#?#.? [6, 3, 1, 6, 3, 1, 6, 3, 1, 6, 3, 1, 6, 3, 1]
162
?.?#???#????#???.??.?#???#????#???.??.?#???#????#???.??.?#???#????#???.??.?#???#????#???. [4, 4, 1, 1, 4, 4, 1, 1, 4, 4, 1, 1, 4, 4, 1, 1, 4, 4, 1, 1]
1852
????.#????#??????.??????.#????#??????.??????.#????#??????.??????.#????#??????.??????.#????#??????.? [1, 1, 12, 1, 1, 12, 1, 1, 12, 1, 1, 12, 1, 1, 12]
30000
?#???#?#?#.#??#???#?#?#.#??#???#?#?#.#??#???#?#?#.#??#???#?#?#.# [1, 1, 5, 1, 1, 1, 5, 1, 1, 1, 5, 1, 1, 1, 5, 1, 1, 1, 5, 1]
1
?.?????????????????.?????????????????.?????????????????.?????????????????.??????????????? [1, 9, 1, 9, 1, 9, 1, 9, 1, 9]
95077542
?#????.???#?##?#??#????.???#?##?#??#????.???#?##?#??#????.???#?##?#??#????.???#?##?# [2, 1, 1, 1, 6, 2, 1, 1, 1, 6, 2, 1, 1, 1, 6, 2, 1, 1, 1, 6, 2, 1, 1, 1, 6]
32
.##????.???.##????.???.##????.???.##????.???.##????.?? [2, 1, 1, 2, 1, 1, 2, 1, 1, 2, 1, 1, 2, 1, 1]
102487
##?????#?.?#?##?????#?.?#?##?????#?.?#?##?????#?.?#?##?????#?.?# [2, 1, 2, 1, 2, 1, 2, 1, 2, 1, 2, 1, 2, 1, 2, 1, 2, 1, 2, 1]
3125
?##.#?.#???#?#???##.#?.#???#?#???##.#?.#???#?#???##.#?.#???#?#???##.#?.#???#?#? [2, 2, 3, 1, 2, 2, 2, 3, 1, 2, 2, 2, 3, 1, 2, 2, 2, 3, 1, 2, 2, 2, 3, 1, 2]
1
###??#?###????###??#?###????###??#?###????###??#?###????###??#?###??? [10, 1, 10, 1, 10, 1, 10, 1, 10, 1]
32
??..?#????#????????..?#????#????????..?#????#????????..?#????#????????..?#????#????? [1, 5, 5, 1, 5, 5, 1, 5, 5, 1, 5, 5, 1, 5, 5]
162
#?#????????#??????#?#????????#??????#?#????????#??????#?#????????#??????#?#????????#????? [1, 1, 2, 1, 6, 1, 1, 2, 1, 6, 1, 1, 2, 1, 6, 1, 1, 2, 1, 6, 1, 1, 2, 1, 6]
313388
????#???###???.???????#???###???.???????#???###???.???????#???###???.???????#???###???.?? [6, 4, 1, 6, 4, 1, 6, 4, 1, 6, 4, 1, 6, 4, 1]
624410
#.??????#???#????#.??????#???#????#.??????#???#????#.??????#???#????#.??????#???#??? [1, 10, 1, 10, 1, 10, 1, 10, 1, 10]
6742
??#?#????#?#???.???.???#?#????#?#???.???.???#?#????#?#???.???.???#?#????#?#???.???.???#?#????#?#???.???. [5, 9, 5, 9, 5, 9, 5, 9, 5, 9]
1
????#?#???.???.????????#?#???.???.????????#?#???.???.????????#?#???.???.????????#?#???.???.??? [4, 1, 1, 2, 2, 4, 1, 1, 2, 2, 4, 1, 1, 2, 2, 4, 1, 1, 2, 2, 4, 1, 1, 2, 2]
924320
?????###?????????###?????????###?????????###?????????###??? [2, 3, 1, 2, 3, 1, 2, 3, 1, 2, 3, 1, 2, 3, 1]
60000
?.#???.#??.#??.#???.#??.#??.#???.#??.#??.#???.#??.#??.#???.#??.# [1, 3, 1, 1, 3, 1, 1, 3, 1, 1, 3, 1, 1, 3, 1]
1
.#????..????????.#????..????????.#????..????????.#????..????????.#????..??????? [1, 1, 1, 4, 1, 1, 1, 4, 1, 1, 1, 4, 1, 1, 1, 4, 1, 1, 1, 4]
20876132
#.????#????.#???#???#.????#????.#???#???#.????#????.#???#???#.????#????.#???#???#.????#????.#???#?? [1, 4, 1, 1, 5, 1, 4, 1, 1, 5, 1, 4, 1, 1, 5, 1, 4, 1, 1, 5, 1, 4, 1, 1, 5]
292087
.#?????..?#???.#?????..?#???.#?????..?#???.#?????..?#???.#?????..?#?? [3, 1, 4, 3, 1, 4, 3, 1, 4, 3, 1, 4, 3, 1, 4]
512
?.#???#?##.???.#???#?##.???.#???#?##.???.#???#?##.???.#???#?##.? [1, 5, 1, 5, 1, 5, 1, 5, 1, 5]
1
?.#?#?????#??##??#??.#?#?????#??##??#??.#?#?????#??##??#??.#?#?????#??##??#??.#?#?????#??##??# [1, 1, 1, 6, 1, 1, 1, 1, 6, 1, 1, 1, 1, 6, 1, 1, 1, 1, 6, 1, 1, 1, 1, 6, 1]
42532
?.??.#?###?????.???.??.#?###?????.???.??.#?###?????.???.??.#?###?????.???.??.#?###?????.? [1, 2, 7, 1, 1, 2, 7, 1, 1, 2, 7, 1, 1, 2, 7, 1, 1, 2, 7, 1]
7203
??#???##?#?#??#???#???##?#?#??#???#???##?#?#??#???#???##?#?#??#???#???##?#?#??# [1, 3, 6, 1, 1, 3, 6, 1, 1, 3, 6, 1, 1, 3, 6, 1, 1, 3, 6, 1]
1
?????.??#?##?#????????.??#?##?#????????.??#?##?#????????.??#?##?#????????.??#?##?#?? [3, 7, 3, 7, 3, 7, 3, 7, 3, 7]
49350
.?.????????.?.????????.?.????????.?.????????.?.??????? [1, 1, 1, 1, 1, 1, 1, 1, 1, 1, 1, 1, 1, 1, 1]
1599812483
?.??##????..???..???.??##????..???..???.??##????..???..???.??##????..???..???.??##????..???..? [6, 1, 6, 1, 6, 1, 6, 1, 6, 1]
2056453
???#??.#???#.#?????#??.#???#.#?????#??.#???#.#?????#??.#???#.#?????#??.#???#.#? [1, 4, 1, 3, 1, 1, 4, 1, 3, 1, 1, 4, 1, 3, 1, 1, 4, 1, 3, 1, 1, 4, 1, 3, 1]
81
????????#?##??????????#?##??????????#?##??????????#?##??????????#?##? [3, 5, 3, 5, 3, 5, 3, 5, 3, 5]
117920
?#??..????????.???????#??..????????.???????#??..????????.???????#??..????????.???????#??..????????.????? [3, 3, 3, 3, 3, 3, 3, 3, 3, 3, 3, 3, 3, 3, 3, 3, 3, 3, 3, 3]
9565938
...?????????#??...?????????#??...?????????#??...?????????#??...?????????#? [6, 1, 6, 1, 6, 1, 6, 1, 6, 1]
20400
#???#?.?#?#?###??#???#?.?#?#?###??#???#?.?#?#?###??#???#?.?#?#?###??#???#?.?#?#?###? [1, 2, 8, 1, 2, 8, 1, 2, 8, 1, 2, 8, 1, 2, 8]
1024
?.???#?#??.????????#??.???#?#??.????????#??.???#?#??.????????#??.???#?#??.????????#??.???#?#??.????????# [1, 1, 1, 3, 7, 1, 1, 1, 1, 3, 7, 1, 1, 1, 1, 3, 7, 1, 1, 1, 1, 3, 7, 1, 1, 1, 1, 3, 7, 1]
32
?.#????#.???????.#????#.???????.#????#.???????.#????#.???????.#????#.????? [1, 2, 2, 1, 2, 2, 1, 2, 2, 1, 2, 2, 1, 2, 2]
57556
?.?#?#????#???.???.??.?#?#????#???.???.??.?#?#????#???.???.??.?#?#????#???.???.??.?#?#????#???.???. [1, 4, 6, 1, 1, 1, 4, 6, 1, 1, 1, 4, 6, 1, 1, 1, 4, 6, 1, 1, 1, 4, 6, 1, 1]
3888
?????#?#??????????#?#??????????#?#??????????#?#??????????#?#???? [4, 2, 1, 4, 2, 1, 4, 2, 1, 4, 2, 1, 4, 2, 1]
121874
??..?#?#?.???..?#?#?.???..?#?#?.???..?#?#?.???..?#?#?. [1, 3, 1, 3, 1, 3, 1, 3, 1, 3]
162